Epoch: 2, completed in: 1523.4570348262787, loss: 1.4441268898546695, perplexity: 18.859881444792048
Epoch: 3, completed in: 1381.861090183258, loss: 0.9718758842721581, perplexity: 7.369767929105263
Epoch: 0, completed in: 709.0164074897766, loss: 4.44104401409626, perplexity: 17427.094035077862
